28159058
18662885
20440495
57199674
46393726
89883908
9276007
73021540
87447866
78968920
784359
75390275
98165448
74360364
6579597
20308561
43544573
75999222
66135946
84363559
11982151
320985
7139229
33181657
72090912
86655924
20823079
73153812
79917842
49374152
54588583
15237200
69443175
71790215
79487400
40599348
76489524
18162866
93304348
88304451
6578703
30876076
43943163
56846166
27639717
63239591
78896106
69052092
97569001
7462029
91524834
83762849
73601332
38003406
96261018
78936683
81230081
35173464
4762559
69002427
28936193
77486505
16253919
85009935
68325639
19190073
67248386
60812807
40887210
19360161
43687208
47450419
66462020
39413625
54417226
33227065
13359640
26740084
16924171
45450071
99401040
40116888
22065270
99758542
3420539
52979978
85949477
34688330
95118734
52569285
68082338
1397853
94135445
35298155
70390069
52273957
33076310
85672439
57949860
60184339
46175868
13224115
7762860
70829238
92472111
76724509
54674618
1041867
40058802
74826914
99003566
42895291
79948612
87790618
31709725
43971980
5037324
93679750
51154363
5722906
54548075
54956502
50194012
60127034
85236251
24175282
34197924
69321734
45746127
85235639
7102038
83548107
8662512
84124682
6928754
77385602
89962038
40027109
47329584
79322106
6418032
81258185
70315000
71857896
32027509
49663639
43892120
47669254
5946519
42283542
75859491
11732859
70426871
16360011
88313924
65224736
93602993
41162787
2458188
2715138
64030032
90827251
39666352
88279578
5951258
3772100
67037495
93382859
15727954
8077975
20058488
26805521
2159786
50397659
1572305
62100595
45279684
53715187
38622514
74581186
77209784
93134591
98607212
82257508
10286193
95654428
93998471
95741913
42305099
68301481
8723699
46722253
42473340
55482610
15208503
35042153
85977222
14636299
63049869
60972605
13005821
11747330
39543559
89706807
4257969
5249972
38684565
16925061
90809771
33745405
608215
4383850
30632126
7659301
54626100
24617785
45721395
57465087
65452770
15663381
23123905
41211765
82181560
76928897
25406891
91410105
88516180
19316857
20841855
55773976
36207682
36341957
27001153
53720703
78645139
62759702
92440386
10787954
46216648
86116828
19327864
3588534
32508603
97971229
46164533
27779954
2516954
34308160
98694332
45296002
62852109
26400727
8945685
22504231
97485734
59806585
29335469
45934499
95427126
45911307
82689221
96818669
50015821
54882902
21006506
90897284
24521090
11789691
46128116
17537398
27811676
82130717
98801675
80672224
92865583
87669533
81953288
20487488
58228476
65742462
57229931
82647897
55442525
64089569
68030649
99334809
70842599
51621585
67767709
82965248
13292535
72268118
78942215
83587897
87779590
88760561
72264005
57709729
54284463
35877385
20846726
78383199
92145652
77859995
81951713
19621257
88357902
108227
15169856
41499099
64495790
98729528
95136083
70396203
84422444
90776532
6569530
48487150
94540660
58093463
5821940
69975325
70919003
91871179
66119109
7484664
66675024
47786731
14635648
844855
50983365
9254494
84848665
59191448
10170295
54145361
39238560
98844779
30491381
5511843
86362412
60891605
19874535
29453194
77603615
95525565
48023367
17881720
85088952
1651277
50059311
67507639
5465675
29299699
82897962
46647878
69547766
86275040
42036400
61623991
87269814
92362840
9185299
78109222
98728355
76310249
30351982
22889585
68981443
57403189
47222621
11153990
5180393
42418097
79992810
6391234
42212292
72269713
71227244
96538097
39800008
7994250
9536955
84457409
70054963
13059860
1337923
56307780
19018561
76435198
71255528
45181723
86639694
74824531
88715892
6314087
43145113
71932411
57841932
12485098
58633278
9207375
40705384
38521579
47681049
66216727
70376778
56067557
76717888
60841442
2760747
839349
39860951
4699748
47561827
78697540
29884792
96937986
94274230
74799425
86336786
8083183
21164499
82885663
20353809
41463806
3800021
85212464
71685077
3545934
10340565
16301065
21558061
22010830
96488725
36291354
76501847
38198911
35046970
34470929
49248248
97301519
7879418
31837298
21805179
77007530
6032709
30491054
16044384
24049896
82411682
12014327
87682395
6733886
92827139
86804975
153430
23648553
49095625
34738193
6356084
66062112
37445700
13156544
34302163
67304134
10715722
32317677
70065127
92295320
3951653
91643060
10953216
20151866
83976936
81445491
6779888
58775271
23816199
86393596
73386039
77568432
68343504
99896068
10487209
75279611
80261448
76034464
98463813
90324036
17062251
27885215
84664745
72289238
28091321
27289820
11851482
64627702
25700253
53055171
68040368
32209497
24539265
9727628
61863133
13543065
20180856
94817516
92351830
75932287
50107666
53147383
27174597
11868132
40714166
37448220
23624183
81871316
27854700
91955152
69673112
26523229
34818485
28860472
37580569
92321234
48376743
1847335
69199935
57951952
33215235
97383818
50578952
99262173
76385526
78408576
77000129
64160712
23706805
32378129
67924792
3616283
32927106
72669668
39103085
62161200
64625471
51481335
39155447
70300908
65091202
82005609
42299695
58622820
36055110
51728367
73338431
57535496
86969136
33428321
2182958
56642573
1364123
50265500
49455365
51998440
86374998
96590017
83135169
46933796
30082092
62966133
23282832
10587839
71196943
68882464
24161313
42903892
71656292
98696112
39596417
60302783
16890179
75167531
85124940
35742283
7220287
91796811
54198425
47640288
86967729
38193704
59493409
97529695
38141126
93927346
76474395
80384794
82406361
60060653
47771360
88906343
80426895
41921211
59875477
41938733
50458090
82552353
3032954
9855081
77843880
94486841
92362714
38282581
57911725
90964342
7449082
97018332
70946917
41604221
44744301
39149499
17233806
69075025
927927
45285742
90025904
80654160
19962761
80383679
40188059
91824335
24452836
59675916
83421459
98713223
47978677
65204865
74484202
3098585
20237247
90704390
9795241
26216644
50120428
46996748
49993745
75566307
58257748
21242263
52266774
82221181
44834950
27745063
21575185
37039944
16907498
76226568
88002027
85237803
83662700
91373017
28420435
23582545
98312546
33563204
10104990
11684730
46169588
48911143
76175847
57099949
93110489
95278510
36288759
53027363
13015501
40610284
9844209
78802572
39925840
89357223
25125363
8130529
73467508
31417901
19751145
14140396
23932299
10025295
82874221
97328959
5623366
69115400
65349617
58802575
23958507
58045132
75298597
94776217
45190981
22034312
74526931
46011703
65240080
71329860
45046900
72229781
49175380
98318320
97763289
5343403
3052180
43752000
55514240
37025916
13476926
81329163
77668592
44411690
75818169
17642906
46516856
81829503
18027310
73487404
17538208
8124510
38879634
77851770
80479937
15882602
68585598
39075141
57139823
45469587
36735233
64209
91957367
41663377
4994683
56087665
56567677
64624767
67450292
84445549
9699376
8765436
22672302
81398295
74358826
85648618
10035863
37298153
33922910
21769034
13487702
35600323
96631541
43307834
77708887
56948811
61812119
41108877
56251713
99242026
13844780
74184341
59032157
78567441
72109268
31408002
10785151
94190424
3642744
88667773
65217539
6134006
92701788
72976704
72170449
28782088
76039646
33859784
28871023
34804461
30998981
28945749
26478822
4119426
30055194
63307620
85353436
720831
25491460
69183033
36096214
87911443
53059878
99999999
65665426
99754309
43908395
11372810
51116159
35160001
66444522
47117788
68576465
390998
65702024
20121945
13788263
36877278
76868719
34106662
27986917
47952848
9154087
51053714
28672643
23410845
60727878
53919191
72109738
16179828
87145334
51366892
54534556
42508541
75613759
89967441
22804216
87952613
58244120
89275980
27569793
48921136
36279490
63602151
93261767
97720426
36934456
53107101
76455530
71510637
411811
23938306
27506949
29242133
63240316
92937339
32337254
68443822
69271837
231034
80616071
49092231
15638851
84549928
60374175
29287368
95568035
61940070
15013674
97424865
51012572
10479126
47013991
74547177
46554428
65697705
342714
98473224
56124435
96170991
25550261
80651537
53756780
75967328
82993212
32901638
12640531
16435964
386046
93244870
41120626
42176009
83647753
27092174
15349688
87695658
65592558
70620828
19076662
21359264
7291243
967881
79951453
94574174
39610551
13383972
67076711
41292397
69754780
23523128
77176396
87358421
26797658
13624763
34284028
88348370
54107105
21378464
32000243
7016198
70017257
76064237
31804827
96576742
73983663
6399688
75441053
19701128
71868291
31857285
47982932
43849961
16439614
28743352
19694449
31662268
85613795
93500052
12135131
1408928
3646673
7173389
89934368
11973109
88030156
77408578
60184952
43094475
19271824
12933155
32379013
84852009
60459827
60894168
14950819
75259970
32705083
44831965
5700839
55395481
78716211
74718314
65020733
71985751
68767926
94455061
4975653
96568555
80149896
51154207
74504613
81351668
51798497
23662943
86100791
999
36696910
28790089
66620600
54736877
48732994
55715689
44161913
93393317
96422345
64504342
2272924
16017598
55336395
87893184
60543577
29086584
7745668
49845645
87741571
13422769
46536524
30105820
25028700
18943630
60993956
77084944
72937108
56440507
